{
 "cells": [
  {
   "cell_type": "markdown",
   "metadata": {},
   "source": [
    "# Predicting bike sharing demand\n",
    "## Using AutoGluon - AutoML\n",
    "\n",
    "<hr/>\n",
    "\n",
    "### Submitted by Abhijith Ganesh\n",
    "\n",
    "\n",
    "The bike sharing [Kaggle](https://www.kaggle.com/bike-sharing-demand) dataset is a popular dataset that is used for machine learning enthusiasts and practioners to test out fits. For this challenge, I've used the AutoGluon library to predict the bike sharing demand."
   ]
  },
  {
   "cell_type": "code",
   "execution_count": 1,
   "metadata": {
    "gather": {
     "logged": 1685026913283
    }
   },
   "outputs": [],
   "source": [
    "import matplotlib.pyplot as plt\n",
    "import numpy as np\n",
    "import pandas as pd\n",
    "from datetime import datetime"
   ]
  },
  {
   "cell_type": "markdown",
   "metadata": {},
   "source": [
    "## Adding all constants and file directories\n",
    "<hr/>\n",
    "\n",
    "_Please change this according to your environment_"
   ]
  },
  {
   "cell_type": "code",
   "execution_count": 2,
   "metadata": {
    "gather": {
     "logged": 1685026913796
    }
   },
   "outputs": [],
   "source": [
    "dataset = \"./dataset\"\n",
    "test_set = dataset+\"/test.csv\"\n",
    "train_set = dataset+\"/train.csv\""
   ]
  },
  {
   "cell_type": "markdown",
   "metadata": {},
   "source": [
    "## Using Kaggle CLI to download the dataset"
   ]
  },
  {
   "cell_type": "code",
   "execution_count": 3,
   "metadata": {
    "gather": {
     "logged": 1685026919449
    }
   },
   "outputs": [],
   "source": [
    "%%capture\n",
    "%pip install --user kaggle\n",
    "# !kaggle competitions download -c bike-sharing-demand -p $dataset"
   ]
  },
  {
   "cell_type": "markdown",
   "metadata": {},
   "source": [
    "## Data checking and validation with Pandas\n",
    "\n",
    "-> Checks and tests with Pandas"
   ]
  },
  {
   "cell_type": "code",
   "execution_count": 4,
   "metadata": {
    "gather": {
     "logged": 1685026919955
    }
   },
   "outputs": [],
   "source": [
    "test_dataset = pd.read_csv(test_set)\n",
    "train_dataset = pd.read_csv(train_set)"
   ]
  },
  {
   "cell_type": "code",
   "execution_count": 5,
   "metadata": {
    "gather": {
     "logged": 1685026920794
    }
   },
   "outputs": [
    {
     "data": {
      "text/html": [
       "<div>\n",
       "<style scoped>\n",
       "    .dataframe tbody tr th:only-of-type {\n",
       "        vertical-align: middle;\n",
       "    }\n",
       "\n",
       "    .dataframe tbody tr th {\n",
       "        vertical-align: top;\n",
       "    }\n",
       "\n",
       "    .dataframe thead th {\n",
       "        text-align: right;\n",
       "    }\n",
       "</style>\n",
       "<table border=\"1\" class=\"dataframe\">\n",
       "  <thead>\n",
       "    <tr style=\"text-align: right;\">\n",
       "      <th></th>\n",
       "      <th>season</th>\n",
       "      <th>holiday</th>\n",
       "      <th>workingday</th>\n",
       "      <th>weather</th>\n",
       "      <th>temp</th>\n",
       "      <th>atemp</th>\n",
       "      <th>humidity</th>\n",
       "      <th>windspeed</th>\n",
       "      <th>casual</th>\n",
       "      <th>registered</th>\n",
       "      <th>count</th>\n",
       "    </tr>\n",
       "  </thead>\n",
       "  <tbody>\n",
       "    <tr>\n",
       "      <th>count</th>\n",
       "      <td>10886.000000</td>\n",
       "      <td>10886.000000</td>\n",
       "      <td>10886.000000</td>\n",
       "      <td>10886.000000</td>\n",
       "      <td>10886.00000</td>\n",
       "      <td>10886.000000</td>\n",
       "      <td>10886.000000</td>\n",
       "      <td>10886.000000</td>\n",
       "      <td>10886.000000</td>\n",
       "      <td>10886.000000</td>\n",
       "      <td>10886.000000</td>\n",
       "    </tr>\n",
       "    <tr>\n",
       "      <th>mean</th>\n",
       "      <td>2.506614</td>\n",
       "      <td>0.028569</td>\n",
       "      <td>0.680875</td>\n",
       "      <td>1.418427</td>\n",
       "      <td>20.23086</td>\n",
       "      <td>23.655084</td>\n",
       "      <td>61.886460</td>\n",
       "      <td>12.799395</td>\n",
       "      <td>36.021955</td>\n",
       "      <td>155.552177</td>\n",
       "      <td>191.574132</td>\n",
       "    </tr>\n",
       "    <tr>\n",
       "      <th>std</th>\n",
       "      <td>1.116174</td>\n",
       "      <td>0.166599</td>\n",
       "      <td>0.466159</td>\n",
       "      <td>0.633839</td>\n",
       "      <td>7.79159</td>\n",
       "      <td>8.474601</td>\n",
       "      <td>19.245033</td>\n",
       "      <td>8.164537</td>\n",
       "      <td>49.960477</td>\n",
       "      <td>151.039033</td>\n",
       "      <td>181.144454</td>\n",
       "    </tr>\n",
       "    <tr>\n",
       "      <th>min</th>\n",
       "      <td>1.000000</td>\n",
       "      <td>0.000000</td>\n",
       "      <td>0.000000</td>\n",
       "      <td>1.000000</td>\n",
       "      <td>0.82000</td>\n",
       "      <td>0.760000</td>\n",
       "      <td>0.000000</td>\n",
       "      <td>0.000000</td>\n",
       "      <td>0.000000</td>\n",
       "      <td>0.000000</td>\n",
       "      <td>1.000000</td>\n",
       "    </tr>\n",
       "    <tr>\n",
       "      <th>25%</th>\n",
       "      <td>2.000000</td>\n",
       "      <td>0.000000</td>\n",
       "      <td>0.000000</td>\n",
       "      <td>1.000000</td>\n",
       "      <td>13.94000</td>\n",
       "      <td>16.665000</td>\n",
       "      <td>47.000000</td>\n",
       "      <td>7.001500</td>\n",
       "      <td>4.000000</td>\n",
       "      <td>36.000000</td>\n",
       "      <td>42.000000</td>\n",
       "    </tr>\n",
       "    <tr>\n",
       "      <th>50%</th>\n",
       "      <td>3.000000</td>\n",
       "      <td>0.000000</td>\n",
       "      <td>1.000000</td>\n",
       "      <td>1.000000</td>\n",
       "      <td>20.50000</td>\n",
       "      <td>24.240000</td>\n",
       "      <td>62.000000</td>\n",
       "      <td>12.998000</td>\n",
       "      <td>17.000000</td>\n",
       "      <td>118.000000</td>\n",
       "      <td>145.000000</td>\n",
       "    </tr>\n",
       "    <tr>\n",
       "      <th>75%</th>\n",
       "      <td>4.000000</td>\n",
       "      <td>0.000000</td>\n",
       "      <td>1.000000</td>\n",
       "      <td>2.000000</td>\n",
       "      <td>26.24000</td>\n",
       "      <td>31.060000</td>\n",
       "      <td>77.000000</td>\n",
       "      <td>16.997900</td>\n",
       "      <td>49.000000</td>\n",
       "      <td>222.000000</td>\n",
       "      <td>284.000000</td>\n",
       "    </tr>\n",
       "    <tr>\n",
       "      <th>max</th>\n",
       "      <td>4.000000</td>\n",
       "      <td>1.000000</td>\n",
       "      <td>1.000000</td>\n",
       "      <td>4.000000</td>\n",
       "      <td>41.00000</td>\n",
       "      <td>45.455000</td>\n",
       "      <td>100.000000</td>\n",
       "      <td>56.996900</td>\n",
       "      <td>367.000000</td>\n",
       "      <td>886.000000</td>\n",
       "      <td>977.000000</td>\n",
       "    </tr>\n",
       "  </tbody>\n",
       "</table>\n",
       "</div>"
      ],
      "text/plain": [
       "             season       holiday    workingday       weather         temp  \\\n",
       "count  10886.000000  10886.000000  10886.000000  10886.000000  10886.00000   \n",
       "mean       2.506614      0.028569      0.680875      1.418427     20.23086   \n",
       "std        1.116174      0.166599      0.466159      0.633839      7.79159   \n",
       "min        1.000000      0.000000      0.000000      1.000000      0.82000   \n",
       "25%        2.000000      0.000000      0.000000      1.000000     13.94000   \n",
       "50%        3.000000      0.000000      1.000000      1.000000     20.50000   \n",
       "75%        4.000000      0.000000      1.000000      2.000000     26.24000   \n",
       "max        4.000000      1.000000      1.000000      4.000000     41.00000   \n",
       "\n",
       "              atemp      humidity     windspeed        casual    registered  \\\n",
       "count  10886.000000  10886.000000  10886.000000  10886.000000  10886.000000   \n",
       "mean      23.655084     61.886460     12.799395     36.021955    155.552177   \n",
       "std        8.474601     19.245033      8.164537     49.960477    151.039033   \n",
       "min        0.760000      0.000000      0.000000      0.000000      0.000000   \n",
       "25%       16.665000     47.000000      7.001500      4.000000     36.000000   \n",
       "50%       24.240000     62.000000     12.998000     17.000000    118.000000   \n",
       "75%       31.060000     77.000000     16.997900     49.000000    222.000000   \n",
       "max       45.455000    100.000000     56.996900    367.000000    886.000000   \n",
       "\n",
       "              count  \n",
       "count  10886.000000  \n",
       "mean     191.574132  \n",
       "std      181.144454  \n",
       "min        1.000000  \n",
       "25%       42.000000  \n",
       "50%      145.000000  \n",
       "75%      284.000000  \n",
       "max      977.000000  "
      ]
     },
     "execution_count": 5,
     "metadata": {},
     "output_type": "execute_result"
    }
   ],
   "source": [
    "train_dataset.describe()"
   ]
  },
  {
   "cell_type": "code",
   "execution_count": 6,
   "metadata": {
    "gather": {
     "logged": 1685026921515
    }
   },
   "outputs": [
    {
     "data": {
      "text/plain": [
       "(10886, 12)"
      ]
     },
     "execution_count": 6,
     "metadata": {},
     "output_type": "execute_result"
    }
   ],
   "source": [
    "train_dataset.shape"
   ]
  },
  {
   "cell_type": "code",
   "execution_count": 7,
   "metadata": {
    "gather": {
     "logged": 1685026922251
    }
   },
   "outputs": [
    {
     "data": {
      "text/html": [
       "<div>\n",
       "<style scoped>\n",
       "    .dataframe tbody tr th:only-of-type {\n",
       "        vertical-align: middle;\n",
       "    }\n",
       "\n",
       "    .dataframe tbody tr th {\n",
       "        vertical-align: top;\n",
       "    }\n",
       "\n",
       "    .dataframe thead th {\n",
       "        text-align: right;\n",
       "    }\n",
       "</style>\n",
       "<table border=\"1\" class=\"dataframe\">\n",
       "  <thead>\n",
       "    <tr style=\"text-align: right;\">\n",
       "      <th></th>\n",
       "      <th>datetime</th>\n",
       "      <th>season</th>\n",
       "      <th>holiday</th>\n",
       "      <th>workingday</th>\n",
       "      <th>weather</th>\n",
       "      <th>temp</th>\n",
       "      <th>atemp</th>\n",
       "      <th>humidity</th>\n",
       "      <th>windspeed</th>\n",
       "      <th>casual</th>\n",
       "      <th>registered</th>\n",
       "      <th>count</th>\n",
       "    </tr>\n",
       "  </thead>\n",
       "  <tbody>\n",
       "    <tr>\n",
       "      <th>0</th>\n",
       "      <td>2011-01-01 00:00:00</td>\n",
       "      <td>1</td>\n",
       "      <td>0</td>\n",
       "      <td>0</td>\n",
       "      <td>1</td>\n",
       "      <td>9.84</td>\n",
       "      <td>14.395</td>\n",
       "      <td>81</td>\n",
       "      <td>0.0</td>\n",
       "      <td>3</td>\n",
       "      <td>13</td>\n",
       "      <td>16</td>\n",
       "    </tr>\n",
       "    <tr>\n",
       "      <th>1</th>\n",
       "      <td>2011-01-01 01:00:00</td>\n",
       "      <td>1</td>\n",
       "      <td>0</td>\n",
       "      <td>0</td>\n",
       "      <td>1</td>\n",
       "      <td>9.02</td>\n",
       "      <td>13.635</td>\n",
       "      <td>80</td>\n",
       "      <td>0.0</td>\n",
       "      <td>8</td>\n",
       "      <td>32</td>\n",
       "      <td>40</td>\n",
       "    </tr>\n",
       "    <tr>\n",
       "      <th>2</th>\n",
       "      <td>2011-01-01 02:00:00</td>\n",
       "      <td>1</td>\n",
       "      <td>0</td>\n",
       "      <td>0</td>\n",
       "      <td>1</td>\n",
       "      <td>9.02</td>\n",
       "      <td>13.635</td>\n",
       "      <td>80</td>\n",
       "      <td>0.0</td>\n",
       "      <td>5</td>\n",
       "      <td>27</td>\n",
       "      <td>32</td>\n",
       "    </tr>\n",
       "    <tr>\n",
       "      <th>3</th>\n",
       "      <td>2011-01-01 03:00:00</td>\n",
       "      <td>1</td>\n",
       "      <td>0</td>\n",
       "      <td>0</td>\n",
       "      <td>1</td>\n",
       "      <td>9.84</td>\n",
       "      <td>14.395</td>\n",
       "      <td>75</td>\n",
       "      <td>0.0</td>\n",
       "      <td>3</td>\n",
       "      <td>10</td>\n",
       "      <td>13</td>\n",
       "    </tr>\n",
       "    <tr>\n",
       "      <th>4</th>\n",
       "      <td>2011-01-01 04:00:00</td>\n",
       "      <td>1</td>\n",
       "      <td>0</td>\n",
       "      <td>0</td>\n",
       "      <td>1</td>\n",
       "      <td>9.84</td>\n",
       "      <td>14.395</td>\n",
       "      <td>75</td>\n",
       "      <td>0.0</td>\n",
       "      <td>0</td>\n",
       "      <td>1</td>\n",
       "      <td>1</td>\n",
       "    </tr>\n",
       "  </tbody>\n",
       "</table>\n",
       "</div>"
      ],
      "text/plain": [
       "              datetime  season  holiday  workingday  weather  temp   atemp  \\\n",
       "0  2011-01-01 00:00:00       1        0           0        1  9.84  14.395   \n",
       "1  2011-01-01 01:00:00       1        0           0        1  9.02  13.635   \n",
       "2  2011-01-01 02:00:00       1        0           0        1  9.02  13.635   \n",
       "3  2011-01-01 03:00:00       1        0           0        1  9.84  14.395   \n",
       "4  2011-01-01 04:00:00       1        0           0        1  9.84  14.395   \n",
       "\n",
       "   humidity  windspeed  casual  registered  count  \n",
       "0        81        0.0       3          13     16  \n",
       "1        80        0.0       8          32     40  \n",
       "2        80        0.0       5          27     32  \n",
       "3        75        0.0       3          10     13  \n",
       "4        75        0.0       0           1      1  "
      ]
     },
     "execution_count": 7,
     "metadata": {},
     "output_type": "execute_result"
    }
   ],
   "source": [
    "train_dataset.head()"
   ]
  },
  {
   "cell_type": "markdown",
   "metadata": {},
   "source": [
    "## Feature engineering datetime\n",
    "\n",
    "The dataset contains a string `datetime`, it would be ideal if we have the following for the dataset:\n",
    "- Date split into Month, Day and Year\n",
    "- Time of the day"
   ]
  },
  {
   "cell_type": "code",
   "execution_count": 8,
   "metadata": {
    "gather": {
     "logged": 1685026922811
    }
   },
   "outputs": [],
   "source": [
    "train_dataset[\"datetime\"] = pd.to_datetime(train_dataset[\"datetime\"])\n",
    "train_dataset[\"year\"] = train_dataset[\"datetime\"].dt.year\n",
    "train_dataset[\"month\"] = train_dataset[\"datetime\"].dt.month\n",
    "train_dataset[\"day\"] = train_dataset[\"datetime\"].dt.day\n",
    "train_dataset[\"time\"] = train_dataset[\"datetime\"].dt.hour\n",
    "\n",
    "\n",
    "test_dataset[\"datetime\"] = pd.to_datetime(test_dataset[\"datetime\"])\n",
    "test_dataset[\"year\"] = test_dataset[\"datetime\"].dt.year\n",
    "test_dataset[\"month\"] = test_dataset[\"datetime\"].dt.month\n",
    "test_dataset[\"day\"] = test_dataset[\"datetime\"].dt.day\n",
    "test_dataset[\"time\"] = test_dataset[\"datetime\"].dt.hour"
   ]
  },
  {
   "cell_type": "code",
   "execution_count": 9,
   "metadata": {
    "gather": {
     "logged": 1685026923655
    }
   },
   "outputs": [
    {
     "data": {
      "text/html": [
       "<div>\n",
       "<style scoped>\n",
       "    .dataframe tbody tr th:only-of-type {\n",
       "        vertical-align: middle;\n",
       "    }\n",
       "\n",
       "    .dataframe tbody tr th {\n",
       "        vertical-align: top;\n",
       "    }\n",
       "\n",
       "    .dataframe thead th {\n",
       "        text-align: right;\n",
       "    }\n",
       "</style>\n",
       "<table border=\"1\" class=\"dataframe\">\n",
       "  <thead>\n",
       "    <tr style=\"text-align: right;\">\n",
       "      <th></th>\n",
       "      <th>datetime</th>\n",
       "      <th>season</th>\n",
       "      <th>holiday</th>\n",
       "      <th>workingday</th>\n",
       "      <th>weather</th>\n",
       "      <th>temp</th>\n",
       "      <th>atemp</th>\n",
       "      <th>humidity</th>\n",
       "      <th>windspeed</th>\n",
       "      <th>year</th>\n",
       "      <th>month</th>\n",
       "      <th>day</th>\n",
       "      <th>time</th>\n",
       "    </tr>\n",
       "  </thead>\n",
       "  <tbody>\n",
       "    <tr>\n",
       "      <th>0</th>\n",
       "      <td>2011-01-20 00:00:00</td>\n",
       "      <td>1</td>\n",
       "      <td>0</td>\n",
       "      <td>1</td>\n",
       "      <td>1</td>\n",
       "      <td>10.66</td>\n",
       "      <td>11.365</td>\n",
       "      <td>56</td>\n",
       "      <td>26.0027</td>\n",
       "      <td>2011</td>\n",
       "      <td>1</td>\n",
       "      <td>20</td>\n",
       "      <td>0</td>\n",
       "    </tr>\n",
       "    <tr>\n",
       "      <th>1</th>\n",
       "      <td>2011-01-20 01:00:00</td>\n",
       "      <td>1</td>\n",
       "      <td>0</td>\n",
       "      <td>1</td>\n",
       "      <td>1</td>\n",
       "      <td>10.66</td>\n",
       "      <td>13.635</td>\n",
       "      <td>56</td>\n",
       "      <td>0.0000</td>\n",
       "      <td>2011</td>\n",
       "      <td>1</td>\n",
       "      <td>20</td>\n",
       "      <td>1</td>\n",
       "    </tr>\n",
       "    <tr>\n",
       "      <th>2</th>\n",
       "      <td>2011-01-20 02:00:00</td>\n",
       "      <td>1</td>\n",
       "      <td>0</td>\n",
       "      <td>1</td>\n",
       "      <td>1</td>\n",
       "      <td>10.66</td>\n",
       "      <td>13.635</td>\n",
       "      <td>56</td>\n",
       "      <td>0.0000</td>\n",
       "      <td>2011</td>\n",
       "      <td>1</td>\n",
       "      <td>20</td>\n",
       "      <td>2</td>\n",
       "    </tr>\n",
       "    <tr>\n",
       "      <th>3</th>\n",
       "      <td>2011-01-20 03:00:00</td>\n",
       "      <td>1</td>\n",
       "      <td>0</td>\n",
       "      <td>1</td>\n",
       "      <td>1</td>\n",
       "      <td>10.66</td>\n",
       "      <td>12.880</td>\n",
       "      <td>56</td>\n",
       "      <td>11.0014</td>\n",
       "      <td>2011</td>\n",
       "      <td>1</td>\n",
       "      <td>20</td>\n",
       "      <td>3</td>\n",
       "    </tr>\n",
       "    <tr>\n",
       "      <th>4</th>\n",
       "      <td>2011-01-20 04:00:00</td>\n",
       "      <td>1</td>\n",
       "      <td>0</td>\n",
       "      <td>1</td>\n",
       "      <td>1</td>\n",
       "      <td>10.66</td>\n",
       "      <td>12.880</td>\n",
       "      <td>56</td>\n",
       "      <td>11.0014</td>\n",
       "      <td>2011</td>\n",
       "      <td>1</td>\n",
       "      <td>20</td>\n",
       "      <td>4</td>\n",
       "    </tr>\n",
       "  </tbody>\n",
       "</table>\n",
       "</div>"
      ],
      "text/plain": [
       "             datetime  season  holiday  workingday  weather   temp   atemp  \\\n",
       "0 2011-01-20 00:00:00       1        0           1        1  10.66  11.365   \n",
       "1 2011-01-20 01:00:00       1        0           1        1  10.66  13.635   \n",
       "2 2011-01-20 02:00:00       1        0           1        1  10.66  13.635   \n",
       "3 2011-01-20 03:00:00       1        0           1        1  10.66  12.880   \n",
       "4 2011-01-20 04:00:00       1        0           1        1  10.66  12.880   \n",
       "\n",
       "   humidity  windspeed  year  month  day  time  \n",
       "0        56    26.0027  2011      1   20     0  \n",
       "1        56     0.0000  2011      1   20     1  \n",
       "2        56     0.0000  2011      1   20     2  \n",
       "3        56    11.0014  2011      1   20     3  \n",
       "4        56    11.0014  2011      1   20     4  "
      ]
     },
     "execution_count": 9,
     "metadata": {},
     "output_type": "execute_result"
    }
   ],
   "source": [
    "test_dataset.head()"
   ]
  },
  {
   "cell_type": "markdown",
   "metadata": {},
   "source": [
    "## Plotting correlation indices\n",
    "<hr/>\n",
    "\n",
    "\n",
    "It is usally practice to plot all correlation values to implement [CBFS](https://www.cs.waikato.ac.nz/~mhall/thesis.pdf) because training a model like regression on this will be useful."
   ]
  },
  {
   "cell_type": "code",
   "execution_count": 10,
   "metadata": {
    "gather": {
     "logged": 1685026924461
    }
   },
   "outputs": [
    {
     "name": "stderr",
     "output_type": "stream",
     "text": [
      "/tmp/ipykernel_6024/1806583196.py:2: FutureWarning: The default value of numeric_only in DataFrame.corr is deprecated. In a future version, it will default to False. Select only valid columns or specify the value of numeric_only to silence this warning.\n",
      "  train_dataset.corr()\n"
     ]
    },
    {
     "data": {
      "text/html": [
       "<div>\n",
       "<style scoped>\n",
       "    .dataframe tbody tr th:only-of-type {\n",
       "        vertical-align: middle;\n",
       "    }\n",
       "\n",
       "    .dataframe tbody tr th {\n",
       "        vertical-align: top;\n",
       "    }\n",
       "\n",
       "    .dataframe thead th {\n",
       "        text-align: right;\n",
       "    }\n",
       "</style>\n",
       "<table border=\"1\" class=\"dataframe\">\n",
       "  <thead>\n",
       "    <tr style=\"text-align: right;\">\n",
       "      <th></th>\n",
       "      <th>season</th>\n",
       "      <th>holiday</th>\n",
       "      <th>workingday</th>\n",
       "      <th>weather</th>\n",
       "      <th>temp</th>\n",
       "      <th>atemp</th>\n",
       "      <th>humidity</th>\n",
       "      <th>windspeed</th>\n",
       "      <th>casual</th>\n",
       "      <th>registered</th>\n",
       "      <th>count</th>\n",
       "      <th>year</th>\n",
       "      <th>month</th>\n",
       "      <th>day</th>\n",
       "      <th>time</th>\n",
       "      <th>count_two</th>\n",
       "    </tr>\n",
       "  </thead>\n",
       "  <tbody>\n",
       "    <tr>\n",
       "      <th>season</th>\n",
       "      <td>1.000000</td>\n",
       "      <td>0.029368</td>\n",
       "      <td>-0.008126</td>\n",
       "      <td>0.008879</td>\n",
       "      <td>0.258689</td>\n",
       "      <td>0.264744</td>\n",
       "      <td>0.190610</td>\n",
       "      <td>-0.147121</td>\n",
       "      <td>0.096758</td>\n",
       "      <td>0.164011</td>\n",
       "      <td>0.163439</td>\n",
       "      <td>-0.004797</td>\n",
       "      <td>0.971524</td>\n",
       "      <td>0.001729</td>\n",
       "      <td>-0.006546</td>\n",
       "      <td>0.163439</td>\n",
       "    </tr>\n",
       "    <tr>\n",
       "      <th>holiday</th>\n",
       "      <td>0.029368</td>\n",
       "      <td>1.000000</td>\n",
       "      <td>-0.250491</td>\n",
       "      <td>-0.007074</td>\n",
       "      <td>0.000295</td>\n",
       "      <td>-0.005215</td>\n",
       "      <td>0.001929</td>\n",
       "      <td>0.008409</td>\n",
       "      <td>0.043799</td>\n",
       "      <td>-0.020956</td>\n",
       "      <td>-0.005393</td>\n",
       "      <td>0.012021</td>\n",
       "      <td>0.001731</td>\n",
       "      <td>-0.015877</td>\n",
       "      <td>-0.000354</td>\n",
       "      <td>-0.005393</td>\n",
       "    </tr>\n",
       "    <tr>\n",
       "      <th>workingday</th>\n",
       "      <td>-0.008126</td>\n",
       "      <td>-0.250491</td>\n",
       "      <td>1.000000</td>\n",
       "      <td>0.033772</td>\n",
       "      <td>0.029966</td>\n",
       "      <td>0.024660</td>\n",
       "      <td>-0.010880</td>\n",
       "      <td>0.013373</td>\n",
       "      <td>-0.319111</td>\n",
       "      <td>0.119460</td>\n",
       "      <td>0.011594</td>\n",
       "      <td>-0.002482</td>\n",
       "      <td>-0.003394</td>\n",
       "      <td>0.009829</td>\n",
       "      <td>0.002780</td>\n",
       "      <td>0.011594</td>\n",
       "    </tr>\n",
       "    <tr>\n",
       "      <th>weather</th>\n",
       "      <td>0.008879</td>\n",
       "      <td>-0.007074</td>\n",
       "      <td>0.033772</td>\n",
       "      <td>1.000000</td>\n",
       "      <td>-0.055035</td>\n",
       "      <td>-0.055376</td>\n",
       "      <td>0.406244</td>\n",
       "      <td>0.007261</td>\n",
       "      <td>-0.135918</td>\n",
       "      <td>-0.109340</td>\n",
       "      <td>-0.128655</td>\n",
       "      <td>-0.012548</td>\n",
       "      <td>0.012144</td>\n",
       "      <td>-0.007890</td>\n",
       "      <td>-0.022740</td>\n",
       "      <td>-0.128655</td>\n",
       "    </tr>\n",
       "    <tr>\n",
       "      <th>temp</th>\n",
       "      <td>0.258689</td>\n",
       "      <td>0.000295</td>\n",
       "      <td>0.029966</td>\n",
       "      <td>-0.055035</td>\n",
       "      <td>1.000000</td>\n",
       "      <td>0.984948</td>\n",
       "      <td>-0.064949</td>\n",
       "      <td>-0.017852</td>\n",
       "      <td>0.467097</td>\n",
       "      <td>0.318571</td>\n",
       "      <td>0.394454</td>\n",
       "      <td>0.061226</td>\n",
       "      <td>0.257589</td>\n",
       "      <td>0.015551</td>\n",
       "      <td>0.145430</td>\n",
       "      <td>0.394454</td>\n",
       "    </tr>\n",
       "    <tr>\n",
       "      <th>atemp</th>\n",
       "      <td>0.264744</td>\n",
       "      <td>-0.005215</td>\n",
       "      <td>0.024660</td>\n",
       "      <td>-0.055376</td>\n",
       "      <td>0.984948</td>\n",
       "      <td>1.000000</td>\n",
       "      <td>-0.043536</td>\n",
       "      <td>-0.057473</td>\n",
       "      <td>0.462067</td>\n",
       "      <td>0.314635</td>\n",
       "      <td>0.389784</td>\n",
       "      <td>0.058540</td>\n",
       "      <td>0.264173</td>\n",
       "      <td>0.011866</td>\n",
       "      <td>0.140343</td>\n",
       "      <td>0.389784</td>\n",
       "    </tr>\n",
       "    <tr>\n",
       "      <th>humidity</th>\n",
       "      <td>0.190610</td>\n",
       "      <td>0.001929</td>\n",
       "      <td>-0.010880</td>\n",
       "      <td>0.406244</td>\n",
       "      <td>-0.064949</td>\n",
       "      <td>-0.043536</td>\n",
       "      <td>1.000000</td>\n",
       "      <td>-0.318607</td>\n",
       "      <td>-0.348187</td>\n",
       "      <td>-0.265458</td>\n",
       "      <td>-0.317371</td>\n",
       "      <td>-0.078606</td>\n",
       "      <td>0.204537</td>\n",
       "      <td>-0.011335</td>\n",
       "      <td>-0.278011</td>\n",
       "      <td>-0.317371</td>\n",
       "    </tr>\n",
       "    <tr>\n",
       "      <th>windspeed</th>\n",
       "      <td>-0.147121</td>\n",
       "      <td>0.008409</td>\n",
       "      <td>0.013373</td>\n",
       "      <td>0.007261</td>\n",
       "      <td>-0.017852</td>\n",
       "      <td>-0.057473</td>\n",
       "      <td>-0.318607</td>\n",
       "      <td>1.000000</td>\n",
       "      <td>0.092276</td>\n",
       "      <td>0.091052</td>\n",
       "      <td>0.101369</td>\n",
       "      <td>-0.015221</td>\n",
       "      <td>-0.150192</td>\n",
       "      <td>0.036157</td>\n",
       "      <td>0.146631</td>\n",
       "      <td>0.101369</td>\n",
       "    </tr>\n",
       "    <tr>\n",
       "      <th>casual</th>\n",
       "      <td>0.096758</td>\n",
       "      <td>0.043799</td>\n",
       "      <td>-0.319111</td>\n",
       "      <td>-0.135918</td>\n",
       "      <td>0.467097</td>\n",
       "      <td>0.462067</td>\n",
       "      <td>-0.348187</td>\n",
       "      <td>0.092276</td>\n",
       "      <td>1.000000</td>\n",
       "      <td>0.497250</td>\n",
       "      <td>0.690414</td>\n",
       "      <td>0.145241</td>\n",
       "      <td>0.092722</td>\n",
       "      <td>0.014109</td>\n",
       "      <td>0.302045</td>\n",
       "      <td>0.690414</td>\n",
       "    </tr>\n",
       "    <tr>\n",
       "      <th>registered</th>\n",
       "      <td>0.164011</td>\n",
       "      <td>-0.020956</td>\n",
       "      <td>0.119460</td>\n",
       "      <td>-0.109340</td>\n",
       "      <td>0.318571</td>\n",
       "      <td>0.314635</td>\n",
       "      <td>-0.265458</td>\n",
       "      <td>0.091052</td>\n",
       "      <td>0.497250</td>\n",
       "      <td>1.000000</td>\n",
       "      <td>0.970948</td>\n",
       "      <td>0.264265</td>\n",
       "      <td>0.169451</td>\n",
       "      <td>0.019111</td>\n",
       "      <td>0.380540</td>\n",
       "      <td>0.970948</td>\n",
       "    </tr>\n",
       "    <tr>\n",
       "      <th>count</th>\n",
       "      <td>0.163439</td>\n",
       "      <td>-0.005393</td>\n",
       "      <td>0.011594</td>\n",
       "      <td>-0.128655</td>\n",
       "      <td>0.394454</td>\n",
       "      <td>0.389784</td>\n",
       "      <td>-0.317371</td>\n",
       "      <td>0.101369</td>\n",
       "      <td>0.690414</td>\n",
       "      <td>0.970948</td>\n",
       "      <td>1.000000</td>\n",
       "      <td>0.260403</td>\n",
       "      <td>0.166862</td>\n",
       "      <td>0.019826</td>\n",
       "      <td>0.400601</td>\n",
       "      <td>1.000000</td>\n",
       "    </tr>\n",
       "    <tr>\n",
       "      <th>year</th>\n",
       "      <td>-0.004797</td>\n",
       "      <td>0.012021</td>\n",
       "      <td>-0.002482</td>\n",
       "      <td>-0.012548</td>\n",
       "      <td>0.061226</td>\n",
       "      <td>0.058540</td>\n",
       "      <td>-0.078606</td>\n",
       "      <td>-0.015221</td>\n",
       "      <td>0.145241</td>\n",
       "      <td>0.264265</td>\n",
       "      <td>0.260403</td>\n",
       "      <td>1.000000</td>\n",
       "      <td>-0.004932</td>\n",
       "      <td>0.001800</td>\n",
       "      <td>-0.004234</td>\n",
       "      <td>0.260403</td>\n",
       "    </tr>\n",
       "    <tr>\n",
       "      <th>month</th>\n",
       "      <td>0.971524</td>\n",
       "      <td>0.001731</td>\n",
       "      <td>-0.003394</td>\n",
       "      <td>0.012144</td>\n",
       "      <td>0.257589</td>\n",
       "      <td>0.264173</td>\n",
       "      <td>0.204537</td>\n",
       "      <td>-0.150192</td>\n",
       "      <td>0.092722</td>\n",
       "      <td>0.169451</td>\n",
       "      <td>0.166862</td>\n",
       "      <td>-0.004932</td>\n",
       "      <td>1.000000</td>\n",
       "      <td>0.001974</td>\n",
       "      <td>-0.006818</td>\n",
       "      <td>0.166862</td>\n",
       "    </tr>\n",
       "    <tr>\n",
       "      <th>day</th>\n",
       "      <td>0.001729</td>\n",
       "      <td>-0.015877</td>\n",
       "      <td>0.009829</td>\n",
       "      <td>-0.007890</td>\n",
       "      <td>0.015551</td>\n",
       "      <td>0.011866</td>\n",
       "      <td>-0.011335</td>\n",
       "      <td>0.036157</td>\n",
       "      <td>0.014109</td>\n",
       "      <td>0.019111</td>\n",
       "      <td>0.019826</td>\n",
       "      <td>0.001800</td>\n",
       "      <td>0.001974</td>\n",
       "      <td>1.000000</td>\n",
       "      <td>0.001132</td>\n",
       "      <td>0.019826</td>\n",
       "    </tr>\n",
       "    <tr>\n",
       "      <th>time</th>\n",
       "      <td>-0.006546</td>\n",
       "      <td>-0.000354</td>\n",
       "      <td>0.002780</td>\n",
       "      <td>-0.022740</td>\n",
       "      <td>0.145430</td>\n",
       "      <td>0.140343</td>\n",
       "      <td>-0.278011</td>\n",
       "      <td>0.146631</td>\n",
       "      <td>0.302045</td>\n",
       "      <td>0.380540</td>\n",
       "      <td>0.400601</td>\n",
       "      <td>-0.004234</td>\n",
       "      <td>-0.006818</td>\n",
       "      <td>0.001132</td>\n",
       "      <td>1.000000</td>\n",
       "      <td>0.400601</td>\n",
       "    </tr>\n",
       "    <tr>\n",
       "      <th>count_two</th>\n",
       "      <td>0.163439</td>\n",
       "      <td>-0.005393</td>\n",
       "      <td>0.011594</td>\n",
       "      <td>-0.128655</td>\n",
       "      <td>0.394454</td>\n",
       "      <td>0.389784</td>\n",
       "      <td>-0.317371</td>\n",
       "      <td>0.101369</td>\n",
       "      <td>0.690414</td>\n",
       "      <td>0.970948</td>\n",
       "      <td>1.000000</td>\n",
       "      <td>0.260403</td>\n",
       "      <td>0.166862</td>\n",
       "      <td>0.019826</td>\n",
       "      <td>0.400601</td>\n",
       "      <td>1.000000</td>\n",
       "    </tr>\n",
       "  </tbody>\n",
       "</table>\n",
       "</div>"
      ],
      "text/plain": [
       "              season   holiday  workingday   weather      temp     atemp  \\\n",
       "season      1.000000  0.029368   -0.008126  0.008879  0.258689  0.264744   \n",
       "holiday     0.029368  1.000000   -0.250491 -0.007074  0.000295 -0.005215   \n",
       "workingday -0.008126 -0.250491    1.000000  0.033772  0.029966  0.024660   \n",
       "weather     0.008879 -0.007074    0.033772  1.000000 -0.055035 -0.055376   \n",
       "temp        0.258689  0.000295    0.029966 -0.055035  1.000000  0.984948   \n",
       "atemp       0.264744 -0.005215    0.024660 -0.055376  0.984948  1.000000   \n",
       "humidity    0.190610  0.001929   -0.010880  0.406244 -0.064949 -0.043536   \n",
       "windspeed  -0.147121  0.008409    0.013373  0.007261 -0.017852 -0.057473   \n",
       "casual      0.096758  0.043799   -0.319111 -0.135918  0.467097  0.462067   \n",
       "registered  0.164011 -0.020956    0.119460 -0.109340  0.318571  0.314635   \n",
       "count       0.163439 -0.005393    0.011594 -0.128655  0.394454  0.389784   \n",
       "year       -0.004797  0.012021   -0.002482 -0.012548  0.061226  0.058540   \n",
       "month       0.971524  0.001731   -0.003394  0.012144  0.257589  0.264173   \n",
       "day         0.001729 -0.015877    0.009829 -0.007890  0.015551  0.011866   \n",
       "time       -0.006546 -0.000354    0.002780 -0.022740  0.145430  0.140343   \n",
       "count_two   0.163439 -0.005393    0.011594 -0.128655  0.394454  0.389784   \n",
       "\n",
       "            humidity  windspeed    casual  registered     count      year  \\\n",
       "season      0.190610  -0.147121  0.096758    0.164011  0.163439 -0.004797   \n",
       "holiday     0.001929   0.008409  0.043799   -0.020956 -0.005393  0.012021   \n",
       "workingday -0.010880   0.013373 -0.319111    0.119460  0.011594 -0.002482   \n",
       "weather     0.406244   0.007261 -0.135918   -0.109340 -0.128655 -0.012548   \n",
       "temp       -0.064949  -0.017852  0.467097    0.318571  0.394454  0.061226   \n",
       "atemp      -0.043536  -0.057473  0.462067    0.314635  0.389784  0.058540   \n",
       "humidity    1.000000  -0.318607 -0.348187   -0.265458 -0.317371 -0.078606   \n",
       "windspeed  -0.318607   1.000000  0.092276    0.091052  0.101369 -0.015221   \n",
       "casual     -0.348187   0.092276  1.000000    0.497250  0.690414  0.145241   \n",
       "registered -0.265458   0.091052  0.497250    1.000000  0.970948  0.264265   \n",
       "count      -0.317371   0.101369  0.690414    0.970948  1.000000  0.260403   \n",
       "year       -0.078606  -0.015221  0.145241    0.264265  0.260403  1.000000   \n",
       "month       0.204537  -0.150192  0.092722    0.169451  0.166862 -0.004932   \n",
       "day        -0.011335   0.036157  0.014109    0.019111  0.019826  0.001800   \n",
       "time       -0.278011   0.146631  0.302045    0.380540  0.400601 -0.004234   \n",
       "count_two  -0.317371   0.101369  0.690414    0.970948  1.000000  0.260403   \n",
       "\n",
       "               month       day      time  count_two  \n",
       "season      0.971524  0.001729 -0.006546   0.163439  \n",
       "holiday     0.001731 -0.015877 -0.000354  -0.005393  \n",
       "workingday -0.003394  0.009829  0.002780   0.011594  \n",
       "weather     0.012144 -0.007890 -0.022740  -0.128655  \n",
       "temp        0.257589  0.015551  0.145430   0.394454  \n",
       "atemp       0.264173  0.011866  0.140343   0.389784  \n",
       "humidity    0.204537 -0.011335 -0.278011  -0.317371  \n",
       "windspeed  -0.150192  0.036157  0.146631   0.101369  \n",
       "casual      0.092722  0.014109  0.302045   0.690414  \n",
       "registered  0.169451  0.019111  0.380540   0.970948  \n",
       "count       0.166862  0.019826  0.400601   1.000000  \n",
       "year       -0.004932  0.001800 -0.004234   0.260403  \n",
       "month       1.000000  0.001974 -0.006818   0.166862  \n",
       "day         0.001974  1.000000  0.001132   0.019826  \n",
       "time       -0.006818  0.001132  1.000000   0.400601  \n",
       "count_two   0.166862  0.019826  0.400601   1.000000  "
      ]
     },
     "execution_count": 10,
     "metadata": {},
     "output_type": "execute_result"
    }
   ],
   "source": [
    "train_dataset[\"count_two\"] = train_dataset[\"registered\"]+train_dataset[\"casual\"]\n",
    "train_dataset.corr()"
   ]
  },
  {
   "cell_type": "code",
   "execution_count": 11,
   "metadata": {
    "gather": {
     "logged": 1685026925162
    }
   },
   "outputs": [
    {
     "data": {
      "text/plain": [
       "datetime      datetime64[ns]\n",
       "season                 int64\n",
       "holiday                int64\n",
       "workingday             int64\n",
       "weather                int64\n",
       "temp                 float64\n",
       "atemp                float64\n",
       "humidity               int64\n",
       "windspeed            float64\n",
       "casual                 int64\n",
       "registered             int64\n",
       "count                  int64\n",
       "year                   int64\n",
       "month                  int64\n",
       "day                    int64\n",
       "time                   int64\n",
       "count_two              int64\n",
       "dtype: object"
      ]
     },
     "execution_count": 11,
     "metadata": {},
     "output_type": "execute_result"
    }
   ],
   "source": [
    "train_dataset.dtypes"
   ]
  },
  {
   "cell_type": "markdown",
   "metadata": {},
   "source": [
    "## Decision One\n",
    "\n",
    "I am going to drop registered and casual as they sum up to count"
   ]
  },
  {
   "cell_type": "code",
   "execution_count": 12,
   "metadata": {
    "gather": {
     "logged": 1685026925900
    }
   },
   "outputs": [
    {
     "data": {
      "text/html": [
       "<div>\n",
       "<style scoped>\n",
       "    .dataframe tbody tr th:only-of-type {\n",
       "        vertical-align: middle;\n",
       "    }\n",
       "\n",
       "    .dataframe tbody tr th {\n",
       "        vertical-align: top;\n",
       "    }\n",
       "\n",
       "    .dataframe thead th {\n",
       "        text-align: right;\n",
       "    }\n",
       "</style>\n",
       "<table border=\"1\" class=\"dataframe\">\n",
       "  <thead>\n",
       "    <tr style=\"text-align: right;\">\n",
       "      <th></th>\n",
       "      <th>datetime</th>\n",
       "      <th>season</th>\n",
       "      <th>holiday</th>\n",
       "      <th>workingday</th>\n",
       "      <th>weather</th>\n",
       "      <th>temp</th>\n",
       "      <th>atemp</th>\n",
       "      <th>humidity</th>\n",
